115,1
115,3
147,1
147,3
140,1
140,3
101,1
101,3
151,35
3,1
3,3
10,176
10,7
10,199
10,211
11,18
11,9
11,8
9,7
9,1
9,5
8,9
8,6
8,17
8,16
8,7
39,3
39,1
38,3
38,2
38,1
20,3
20,2
20,1
19,3
19,2
19,1
12,3
12,2
12,1
11,30
11,29
11,28
11,27
11,26
11,25
11,24
11,23
11,22
11,21
11,20
11,19
11,14
11,13
11,12
11,11
11,10
11,6
11,5
11,4
11,3
11,2
11,1
10,316
10,315
10,314
18,1
10,313
18,3
10,312
10,311
10,310
10,309
10,308
10,307
10,306
14,1
10,305
14,3
10,304
10,303
13,1
10,302
13,3
10,301
10,300
10,299
10,298
10,297
10,296
10,295
10,294
10,293
10,292
10,291
10,290
10,289
10,288
10,287
10,286
10,285
10,284
10,283
10,282
10,281
10,280
10,279
10,255
10,222
10,169
10,136
10,133
10,123
10,115
